800
56
68
53
50
19
76
9
70
75
99
32
79
1
34
14
62
66
74
67
30
8
11
86
99
0
33
24
39
29
59
96
71
41
94
25
7
11
47
99
55
36
98
8
59
36
10
87
27
66
21
28
29
9
74
32
92
17
46
61
37
28
22
41
97
64
4
89
66
6
41
2
87
2
19
51
5
95
22
16
40
96
25
34
45
90
41
22
21
59
78
28
79
93
36
34
28
96
6
80
15
57
20
73
70
13
97
28
46
73
63
34
8
4
41
46
52
70
63
33
77
100
27
47
45
22
57
14
49
11
74
95
49
8
62
2
34
21
29
26
99
73
54
58
47
1
31
16
5
75
88
45
85
70
19
32
47
19
56
91
21
32
43
86
6
53
15
15
4
61
92
86
84
100
16
62
68
90
35
19
30
63
5
41
98
51
38
90
72
80
19
18
89
6
16
65
31
17
39
7
14
79
96
68
82
80
43
39
20
14
43
83
41
86
49
74
33
58
36
94
81
30
90
12
53
5
100
91
10
89
99
21
70
93
59
15
63
13
96
83
95
18
66
100
15
11
67
42
7
9
12
55
8
61
79
100
64
26
92
59
94
45
80
25
23
89
65
8
1
65
82
42
33
0
21
98
61
71
33
4
88
70
16
66
79
52
27
57
39
68
60
34
77
99
32
78
87
35
0
62
85
18
48
29
74
26
5
89
59
70
22
32
39
44
62
10
78
75
62
27
68
23
29
28
12
23
71
97
5
56
91
59
37
1
41
11
65
45
62
75
81
95
37
100
36
34
26
95
22
3
95
3
17
85
62
21
3
27
70
25
98
60
94
90
39
23
66
73
52
8
15
27
0
31
80
53
47
37
21
65
15
94
36
47
94
86
0
88
39
22
75
41
59
52
62
53
78
96
56
41
33
2
81
64
52
3
81
70
99
8
24
45
24
57
83
23
71
100
34
80
85
55
88
94
24
35
38
42
39
77
41
3
2
87
23
75
15
39
71
56
52
15
89
40
90
56
30
41
35
54
34
31
92
75
23
32
83
11
2
44
60
76
84
18
76
73
73
94
61
66
6
63
7
7
76
49
52
87
75
38
81
32
72
57
62
24
82
79
64
21
13
55
20
32
55
47
84
1
79
70
32
39
46
71
20
59
54
93
1
92
54
98
98
74
46
19
10
93
93
0
76
61
90
65
74
93
29
38
50
50
55
56
60
70
32
47
84
47
69
30
75
64
61
18
16
13
46
49
43
16
27
68
96
10
17
58
51
94
8
82
68
42
66
29
24
20
95
63
15
27
16
99
65
40
92
100
4
41
65
57
25
67
57
20
83
49
90
84
42
75
51
45
52
80
10
35
65
40
1
72
71
40
26
75
58
51
10
100
86
75
64
48
12
75
79
1
62
51
30
86
53
13
28
78
1
94
35
80
78
29
68
61
4
25
23
14
12
30
54
36
18
88
8
5
76
8
35
67
99
91
48
31
23
30
40
76
40
26
68
24
40
20
33
45
79
47
50
51
18
89
72
84
90
48
42
95
20
36
53
65
82
81
96
25
96
97
73
82
13
90
26
37
55
9
97
73
8
99
15
15
25
0
70
32
21
68
1
59
80
7
15
13
26
33
19
7
28
30
10
77
96
20
9
52
2
80
70
75
49
38
5
46
32
84
69
62
34
53
74
36
8
88
62
100
12
0
2
55
70
40
67
63
52
71
77
40
95
52
91
28
37
97
85
46
38
37
5
35
15
12
20
88
91
19
4
91
62
47
6
57
73
38
98
27
48
72
9
9
61
6
86
70
5
73
81
27
2
19
95
48
92